16113
16114
16115
16116
16117
16118
16119
16120
16121
16122
16123
16124
16125
16126
16127
16128
16129
16130
16132
16133
16134
16135
16136
16137
16138
16142
16143
16144
16145
16146
16147
16148
16149
16150
16154
16155
16156
16157
16158
16159
16160
16161
16162
16163
16165
16166
16167
16168
16171
16172
16173
16174
16175
16176
16177
16178
16179
16180
16182
16183
16184
16185
16186
16187
16188
16189
16190
16191
16192
16193
16194
16195
16196
16199
16200
16201
16202
16203
16227
16228
16229
16230
16231
16232
16233
16234
