16355
16356
16357
16358
16359
16362
16363
16364
16365
16366
16367
16368
16369
16370
16371
16372
16373
16374
16376
16377
16378
16379
16380
16381
16382
16383
16410
16412
16413
16414
16415
16416
16417
16418
16419
16422
16424
16425
16426
16427
16428
16429
16430
16431
16432
16433
16434
16436
16437
16444
16445
16446
16447
16450
16452
16453
16454
16455
16456
16457
16458
16459
16460
16461
16462
16465
16466
16467
16468
16469
16470
16471
16472
16473
16474
16475
16476
16477
16478
16479
16480
16481
16482
16483
16484
16485
16486
16487
16488
16489
16490
16491
16492
16493
16494
16495
16499
16500
16502
16503
16508
16509
16510
16511
16512
16513
16514
