17065
17066
17068
17070
17072
17073
17074
17075
17076
17077
17078
17079
17080
17081
17082
17083
17089
17093
17094
17097
17098
17105
17106
17107
17108
17109
17110
17112
17113
17116
17117
17118
17120
17121
17122
17123
17124
17126
17127
17128
17129
17130
17132
17133
17134
17135
17139
17140
17143
17145
17147
17148
17152
17153
17155
17156
17157
17159
17160
17162
17163
17164
17166
17167
17168
17169
17171
17172
17174
17175
17178
17179
17180
17212
17213
17215
17216
17218
17219
17220
17223
17224
17226
17227
17228
17229
17231
17232
17234
17235
17238
17239
17240
17241
17242
17243
17244
17245
17246
17247
17248
17249
17250
17251
17252
17255
17256
17257
17258
17259
17260
17261
17262
17264
17265
17266
17267
17268
17270
17271
17272
17291
17292
17293
17294
17295
17296
17297
17298
17299
17300
17301
17302
17303
17304
17305
17307
17308
17309
17310
17311
17312
17314
17316
17317
17318
17319
17320
17321
17322
17323
17324
17325
17326
17327
17329
17331
17333
17334
17335
17341
17342
17343
17344
17345
17351
17352
17353
17354
17356
17357
17361
17362
17378
17379
17380
17381
17382
17383
17384
17385
17386
17387
17388
17389
17390
17391
17392
17393
17394
17397
17398
17399
17400
17401
17402
17403
17404
17405
17406
17407
17408
17410
17411
17412
17413
17414
17416
17417
17418
17419
17420
17421
17424
17430
17431
17432
17433
17434
17435
17436
17438
17439
17440
17441
17444
17445
17446
17447
17448
17449
17450
17451
17452
17453
17454
17455
17456
17457
17458
17459
17466
17467
17468
17470
17471
17472
17475
17476
17477
17493
17499
17500
17501
17502
17503
17504
17505
17506
17520
17521
17523
17524
17525
17526
17527
